     000008   C2003 08 21.00000 01 48 43.41 +10 20 54.8          20.8 V      568
     000008   C2003 08 21.02083 01 48 43.61 +10 20 56.0          20.8 V      568
     000008   C2003 08 25.00000 01 49 04.80 +10 24 03.5          20.7 V      568
     000008   C2003 08 25.02083 01 49 04.88 +10 24 04.2          20.7 V      568
     000008   C2003 08 29.00000 01 49 03.95 +10 25 14.3          20.6 V      568
     000008   C2003 08 29.02083 01 49 03.91 +10 25 14.3          20.6 V      568
     000008   C2003 09 02.00000 01 48 40.50 +10 24 25.6          20.5 V      568
     000008   C2003 09 02.02083 01 48 40.35 +10 24 25.0          20.5 V      568
     00000a   C2003 08 21.00000 15 26 49.86 -21 57 19.8          20.8 V      568
     00000a   C2003 08 21.02083 15 26 51.18 -21 57 23.0          20.8 V      568
     00000a   C2003 08 25.00000 15 31 15.78 -22 07 21.0          20.9 V      568
     00000a   C2003 08 25.02083 15 31 17.19 -22 07 24.4          20.9 V      568
     00000a   C2003 08 29.00000 15 35 59.17 -22 18 05.5          20.9 V      568
     00000a   C2003 08 29.02083 15 36 00.67 -22 18 09.1          20.9 V      568
     00000a   C2003 09 02.00000 15 40 59.24 -22 29 25.1          20.9 V      568
     00000a   C2003 09 02.02083 15 41 00.82 -22 29 28.8          20.9 V      568
     00000d   C2003 08 21.00000 23 11 43.12 -10 03 46.0          23.8 V      568
     00000d   C2003 08 21.02083 23 11 42.26 -10 03 52.7          23.8 V      568
     00000d   C2003 08 25.00000 23 08 45.76 -10 25 19.8          23.7 V      568
     00000d   C2003 08 25.02083 23 08 44.85 -10 25 26.6          23.7 V      568
     00000d   C2003 08 29.00000 23 05 37.64 -10 47 11.0          23.6 V      568
     00000d   C2003 08 29.02083 23 05 36.67 -10 47 17.8          23.6 V      568
     00000d   C2003 09 02.00000 23 02 22.17 -11 08 54.5          23.5 V      568
     00000d   C2003 09 02.02083 23 02 21.17 -11 09 01.3          23.5 V      568
     00000A   C2003 08 21.00000 03 41 18.14 +21 48 54.4          23.7 V      568
     00000A   C2003 08 21.02083 03 41 19.53 +21 48 58.8          23.7 V      568
     00000A   C2003 08 25.00000 03 45 31.63 +22 02 58.3          23.7 V      568
     00000A   C2003 08 25.02083 03 45 32.92 +22 03 02.3          23.7 V      568
     00000A   C2003 08 29.00000 03 49 26.47 +22 15 39.2          23.6 V      568
     00000A   C2003 08 29.02083 03 49 27.67 +22 15 42.8          23.6 V      568
     00000A   C2003 09 02.00000 03 53 01.23 +22 26 57.1          23.6 V      568
     00000A   C2003 09 02.02083 03 53 02.32 +22 27 00.3          23.6 V      568
