fpa_id ra_deg dec_deg survey_mode filter_id PA newRA_deg dRA_arcsec newDEC_deg dDec_arcsec flux_fit flux_error L_pix_expected Lveres_pix Lerror_pix theta theta_err fwhm_fitted aperture_flux nb_bad_pixels chisq_reduced mag
o6506g0465o 333.9709288732 -0.7485155838 MD09 z -156.22 333.97080108 0.183 -0.74876044 0.19 3425.68 425.41 16.21 16.95 1.47 23.42 3.35 4.29 3657.15 0 0.52 20.82
o6506g0467o 333.9698254868 -0.7509315681 MD09 z -156.22 333.96981316 0.13 -0.75097715 0.13 2890.01 284.73 16.21 12.82 0.83 23.84 2.37 2.92 3090.81 0 0.66 20.67
o6508g0127o 242.430692522 53.6334619536 MD08 i -10.26 242.43081483 0.036 53.63322732 0.05 13498.69 376.17 42.57 15.14 0.33 169.11 0.89 4.44 13505.24 73 0.27 20.21
o6508g0133o 242.4362203496 53.6152125282 MD08 i -10.26 242.43616969 0.039 53.61545225 0.05 13109.83 394.98 42.57 14.97 0.37 0.00 0.00 4.97 13222.06 113 0.30 20.05
o6508g0287o 330.9440043528 -19.8452800536 167.OSS.J.Q.w w -49.39 330.94318284 0.147 -19.84460437 0.14 9280.51 421.12 48.80 50.92 1.03 130.77 0.47 5.26 9016.47 0 0.42 21.93
o6508g0329o 331.0905492437 -19.9635879044 167.OSS.J.Q.w w -49.39 331.08985304 0.157 -19.96298623 0.15 8756.38 431.60 48.80 50.21 1.16 129.62 0.58 5.85 8629.68 0 0.42 20.02
o6508g0350o 331.1632034473 -20.0217368875 167.OSS.J.Q.w w -49.39 331.16324043 0.144 -20.02180845 0.14 10211.30 473.75 48.80 49.59 1.14 130.24 0.60 6.36 11134.08 0 0.37 20.18
o6513g0300o 330.833794871 -12.4115068095 167.OSS.N.Q.w w -108.63 330.83381036 0.164 -12.41151765 0.15 2134.62 232.76 15.88 12.96 1.15 76.59 3.95 4.27 2190.86 0 0.32 21.04
o6513g0324o 330.8704649856 -12.3996527191 167.OSS.N.Q.w w -108.63 330.87064675 0.16 -12.39960996 0.15 2377.75 256.99 15.88 12.36 1.30 64.35 5.41 5.26 2608.65 0 0.30 20.89
o6513g0335o 340.2832467366 -16.9426796584 167.OSS.N.Q.w w -116.28 340.283973 0.102 -16.94229271 0.10 7498.44 383.57 49.24 47.63 1.05 62.54 0.52 4.86 7688.83 0 0.44 20.41
o6513g0345o 330.8998968481 -12.3899476619 167.OSS.N.Q.w w -108.63 330.90002008 0.135 -12.38992028 0.12 2085.87 191.98 15.88 13.94 0.91 75.04 2.49 3.57 2330.37 0 0.37 21.52
o6513g0356o 340.1954246195 -16.9838707972 167.OSS.N.Q.w w -116.28 340.19610712 0.086 -16.98357512 0.08 9780.95 395.73 49.24 47.73 0.87 64.32 0.42 5.04 10790.88 0 0.40 20.21
o6513g0366o 330.9295436795 -12.3799557837 167.OSS.N.Q.w w -108.63 330.92953052 0.121 -12.37997861 0.11 2656.33 214.40 15.88 12.77 0.89 64.80 3.28 4.62 2882.16 0 0.35 21.48
o6513g0461o 333.3754432749 -0.9252219897 MD09 i -69.20 333.37532195 0.069 -0.92519881 0.07 7036.24 342.28 16.01 13.99 0.55 120.60 1.70 4.39 7323.49 93 0.41 22.02
o6513g0464o 335.2405267218 -0.2036347419 MD09 i -70.97 335.24028177 0.057 -0.20358465 0.05 7471.43 291.98 14.19 9.38 0.36 114.54 1.92 3.90 7854.18 68 0.75 21.05
o6513g0468o 352.2698350848 0.5561100456 MD10 i -31.21 352.2699908 0.081 0.5558566 0.08 6474.23 336.29 21.21 21.71 0.63 148.93 0.87 3.51 7011.98 0 0.33 20.85
o6513g0472o 351.0088260831 -0.5534961481 MD10 i -29.99 351.00893589 0.132 -0.5535825 0.14 4425.86 365.07 17.52 16.01 1.00 144.89 2.57 4.60 4753.73 0 0.33 21.1
o6513g0473o 352.2658976587 0.5626687151 MD10 i -31.21 352.26586181 0.097 0.5626208 0.10 5737.87 346.13 21.21 18.43 0.76 148.86 1.52 4.39 6499.81 0 0.35 20.28
o6513g0474o 351.0101321229 -0.5557906864 MD10 i -29.99 351.01016205 0.098 -0.55575949 0.10 3918.99 281.26 17.52 15.31 0.68 153.62 1.50 3.05 4240.70 0 0.33 20.06
o6513g0474o 352.7936180114 0.8341065016 MD10 i -177.26 352.79359076 0.157 0.8338497 0.23 3102.28 365.71 17.55 19.65 1.61 1.08 3.14 4.89 3047.82 0 0.70 21.74
o6516g0382o 334.5885168618 1.5450019654 MD09 i -146.63 334.58840756 0.161 1.54477076 0.15 4281.74 408.22 15.51 16.74 1.14 34.40 2.66 4.37 4191.98 27 0.30 20.56
o6516g0385o 334.5864569983 1.5418775126 MD09 i -146.63 334.58636383 0.144 1.541847 0.15 4234.67 377.61 15.51 16.85 1.03 33.73 2.31 4.13 4248.63 0 0.32 19.86
o6519g0439o 341.6285992955 0.7525389119 167.OSS.S.Q.w w -47.86 341.62880908 0.102 0.75225537 0.10 2590.83 179.85 26.56 12.24 0.67 131.67 2.38 3.84 2443.69 53 0.38 21.72
o6519g0443o 344.163514401 -5.3377550634 167.OSS.S.Q.w w -33.87 344.16359164 0.168 -5.33789318 0.18 3681.59 342.80 22.48 22.57 1.31 146.15 1.95 4.55 3831.62 0 0.48 21.07
o6519g0488o 333.2191409642 0.4265666737 MD09 z -74.78 333.21925703 0.095 0.42657158 0.09 6421.02 420.41 13.99 15.49 0.65 107.52 1.43 3.29 7185.78 6 0.35 20.36
o6519g0488o 333.4774256537 0.0496105352 MD09 z -77.06 333.47742883 0.108 0.04960951 0.11 4386.01 360.28 14.93 8.67 0.68 105.37 3.97 3.59 4339.17 48 0.28 21.48
o6519g0489o 333.803228411 0.0796392809 MD09 z -65.21 333.80334159 0.106 0.07959694 0.10 6955.41 492.81 19.26 17.29 0.81 116.24 1.56 3.71 7338.56 0 0.45 21.34
o6519g0492o 333.7993567774 0.0814677268 MD09 z -65.21 333.79952051 0.105 0.08138394 0.11 7139.41 465.58 19.26 15.54 0.67 129.81 1.56 3.55 6991.92 0 0.40 21.27
o6519g0505o 36.270268975 -4.0283006181 MD01 z -53.11 36.27021293 0.152 -4.02828042 0.15 3690.30 428.83 15.70 7.33 1.33 120.53 11.10 4.85 4613.05 86 0.21 19.78
o6519g0507o 36.2724517898 -4.0298922447 MD01 z -53.11 36.27212692 0.202 -4.0298156 0.14 8386.84 793.33 15.70 25.37 1.62 112.08 2.11 5.01 37055.63 0 0.36 21.72
o6520g0322o 333.4284566773 0.2559336997 MD09 i -66.44 333.42825811 0.213 0.25604771 0.18 3733.56 469.64 18.77 15.10 1.75 110.43 5.59 5.88 3671.70 172 0.26 20.56
o6520g0322o 333.7248167441 0.175429448 MD09 i -145.75 333.72465873 0.106 0.17521615 0.10 5011.05 335.53 18.61 16.52 0.70 35.89 1.43 3.39 5640.45 0 0.35 20.97
o6520g0323o 333.3186398787 -0.3946247407 MD09 i -155.08 333.31858998 0.089 -0.39477534 0.09 4720.30 309.31 13.52 15.04 0.64 22.08 1.44 3.17 5223.33 0 0.31 16.62
o6520g0324o 334.8918900343 0.2599152873 MD09 i -65.60 334.8916791 0.124 0.25997197 0.11 4631.95 371.96 17.26 18.47 0.90 112.37 1.57 3.51 4587.83 0 0.36 21.42
o6520g0325o 334.8905148181 0.2605107092 MD09 i -65.60 334.89025162 0.16 0.26066447 0.16 2740.86 310.01 17.26 10.57 0.96 116.32 3.96 3.38 2908.74 50 0.30 20.85
o6520g0326o 333.4237588936 0.257952173 MD09 i -66.44 333.42340287 0.083 0.25812024 0.08 7162.12 381.82 18.77 20.13 0.61 114.13 0.90 3.33 7862.13 0 0.38 21.6
o6520g0328o 333.3165155875 -0.3992668645 MD09 i -155.08 333.31654255 0.148 -0.39935779 0.16 3212.55 344.41 13.52 13.65 1.08 22.76 3.22 3.81 3546.21 0 0.30 21.59
o6520g0329o 333.3161206075 -0.4001320878 MD09 i -155.08 333.31602404 0.16 -0.40038756 0.16 3568.90 379.18 13.52 14.95 1.22 27.35 3.41 4.51 4529.70 0 0.34 20.38
o6522g0350o 330.9223836171 45.9087868117 167.3PI.00.BNE2.K.i i -125.37 330.92320628 0.009 45.90918292 0.01 60917.14 311.57 33.28 30.20 0.08 53.92 0.07 4.25 66050.63 0 0.53 21.39
o6522g0350o 330.9239048632 45.909577507 167.3PI.00.BNE2.K.i i -125.25 330.92313411 0.012 45.90921244 0.01 60875.60 311.34 33.64 30.26 0.08 53.94 0.07 4.24 65896.77 0 0.53 16.62
o6522g0367o 330.9819064497 45.9381587961 167.3PI.00.BNE2.K.i i -125.37 330.98298366 0.008 45.93866835 0.01 67098.02 356.88 33.28 35.18 0.08 57.48 0.06 3.74 72153.19 0 0.53 21.09
o6522g0367o 330.9841607004 45.9391807053 167.3PI.00.BNE2.K.i i -125.29 330.98303267 0.011 45.93864506 0.01 67156.08 357.14 34.50 35.16 0.08 57.47 0.06 3.75 72444.16 0 0.53 20.13
o6522g0397o 34.9989144642 -4.9636135148 MD01 y -54.36 34.99898047 0.163 -4.9637138 0.16 2485.28 269.91 15.45 17.30 1.05 122.55 1.77 2.76 2519.94 0 0.28 21.2
o6522g0400o 35.001578452 -4.9655424903 MD01 y -54.36 35.00181436 0.166 -4.96567122 0.17 3681.78 372.67 15.45 16.17 1.14 127.64 2.64 4.01 4160.12 0 0.29 20.63
o6528g0447o 334.5376145954 0.0013937997 MD09 y -70.38 334.5375428 0.044 0.0014388 0.04 30322.66 904.66 16.74 14.79 0.30 111.45 0.74 3.52 32784.36 0 0.38 21.63
o6528g0448o 334.5360395899 0.0019243782 MD09 y -70.38 334.53619457 0.125 0.0018458 0.11 18499.53 1489.25 16.74 14.37 0.93 107.00 2.87 4.65 20976.09 0 0.32 21.47
o6530g0195o 333.1121916547 0.2757630986 MD09 z -66.28 333.11209536 0.238 0.27586859 0.22 3064.19 495.68 12.38 11.98 1.93 114.72 8.65 5.37 2960.02 129 0.27 21.75
o6533g0139o 324.1215639334 -14.7699760718 168.OSS.B.Q.w w -6.89 324.1216855 0.106 -14.77034537 0.20 4578.04 348.90 34.26 31.90 1.42 173.96 1.43 5.71 5064.48 0 0.46 16.71
o6533g0160o 324.129408515 -14.8329875715 168.OSS.B.Q.w w -6.89 324.129412 0.152 -14.83293119 0.15 5002.86 326.39 34.26 1.20 0.00 100.61 1863.13 12.92 7802.98 10 0.65 21.43
o6533g0202o 324.1450825809 -14.9580280699 168.OSS.B.Q.w w -6.89 324.14511405 0.083 -14.95815879 0.15 6158.96 362.11 34.26 32.72 1.08 173.20 1.03 5.48 6097.59 0 0.40 21.78
o6533g0442o 35.7294914308 -5.2939916368 MD01 z -45.48 35.72946336 0.025 -5.29396873 0.02 14515.62 273.99 16.04 5.36 0.16 180.00 1.86 3.60 16651.56 58 0.32 16.71
o6534g0308o 327.9886783618 -16.5601752257 168.3PI.00.ASW1.J.g g -141.47 327.98862897 0.152 -16.56019007 0.16 2921.30 194.92 29.47 30.87 1.23 38.42 1.27 5.73 3076.54 0 0.44 20.7
o6534g0425o 334.8249634669 -0.2491540302 MD09 g -171.33 334.82500941 0.116 -0.24926805 0.14 1730.74 156.46 16.36 13.14 1.03 180.00 0.00 4.68 1987.55 44 0.38 20.78
o6534g0428o 334.8243605286 -0.2532694412 MD09 g -171.33 334.82432925 0.15 -0.25323313 0.18 1072.66 125.68 16.36 13.29 1.14 12.60 3.45 3.63 930.18 1 0.58 20.58
o6535g0309o 336.8219155435 -9.7891209272 168.OSS.F.Q.w w -70.85 336.82186817 0.134 -9.78911735 0.10 3961.74 294.94 18.11 16.92 1.06 104.63 2.86 5.84 4762.50 0 0.37 21.52
o6535g0478o 353.5278173532 -0.6575027194 MD10 i -157.67 353.5278372 0.105 -0.65744647 0.12 5309.39 390.28 18.85 16.91 0.89 21.22 2.09 4.48 6126.00 0 0.37 20.88
o6536g0330o 348.5013960308 -13.2798208883 168.OSS.J.Q.w w -76.70 348.50130017 0.199 -13.27974004 0.19 1761.78 231.89 40.68 14.97 1.39 110.14 3.59 3.86 1397.31 47 0.34 20.69
o6536g0350o 348.5786887416 -13.2975827458 168.OSS.J.Q.w w -76.70 348.5784475 0.167 -13.29753854 0.12 3807.20 325.93 40.68 42.11 1.44 102.93 0.70 3.46 4071.38 0 0.43 21.28
o6536g0370o 348.6515273832 -13.3143101811 168.OSS.J.Q.w w -76.70 348.65035736 0.16 -13.31397828 0.12 3968.30 320.17 40.68 41.33 1.35 104.58 0.68 3.54 4119.92 0 0.42 21.93
o6536g0448o 335.1426040518 0.258737505 MD09 z -72.28 335.14263536 0.169 0.25868587 0.17 2474.03 332.04 17.10 6.20 1.00 112.31 9.61 3.37 2816.24 38 0.33 21.08
o6536g0451o 352.5356031867 0.7862988513 MD10 z -157.57 352.53550894 0.118 0.7861431 0.12 5513.12 464.54 19.04 15.43 0.91 21.67 2.22 3.84 5844.21 0 0.33 21.36
o6536g0452o 351.7307567304 0.9063104206 MD10 z -160.88 351.73069217 0.113 0.90609641 0.15 9703.21 739.68 20.87 19.97 1.20 17.42 2.60 6.21 11184.56 0 0.29 17.54
o6536g0458o 351.7277190825 0.8975516311 MD10 z -160.88 351.72779597 0.077 0.89765695 0.09 9213.20 498.50 20.87 18.00 0.68 20.40 1.43 4.46 9849.01 0 0.41 20.88
o6536g0464o 35.2745755776 -3.28399482 MD01 z -26.88 35.27440309 0.084 -3.2838287 0.09 5807.19 377.18 14.83 8.51 0.56 150.26 3.45 3.77 5461.42 58 0.30 21.33
o6538g0141o 334.1763281548 -0.8552751247 MD09 i -145.64 334.17633871 0.032 -0.85525791 0.03 8517.37 235.15 16.46 3.89 0.30 113.47 4.95 3.72 11038.38 48 0.29 20.23
o6538g0142o 334.4226087889 0.4930885178 MD09 i -72.55 334.42244558 0.048 0.49310261 0.04 7351.21 252.79 16.55 6.50 0.31 115.38 2.82 3.90 7391.32 48 0.31 20.28
o6538g0145o 335.2137065385 0.0239765253 MD09 i -152.62 335.21368434 0.111 0.02399986 0.11 3581.63 317.97 18.97 1.20 8.38 62.51 404.10 6.09 3796.88 55 0.33 17.48
o6538g0217o 344.7712091391 -6.4508674154 168.OSS.K.Q.w w -26.35 344.77123579 0.079 -6.45082343 0.10 10426.13 411.05 43.73 43.76 0.85 154.19 0.53 5.66 11374.51 0 0.42 20.79
o6538g0235o 355.7672196846 1.6147208819 168.OSS.K.Q.w w -16.61 355.7670542 0.094 1.61521778 0.12 5962.04 370.70 68.58 56.62 1.27 163.42 0.48 3.78 6582.72 0 0.34 21.09
o6538g0257o 355.7283032839 1.7452867447 168.OSS.K.Q.w w -16.61 355.72797626 0.13 1.7465121 0.21 6410.42 460.86 68.58 60.92 1.81 164.43 0.69 5.41 5919.83 0 0.43 22.22
o6538g0261o 344.8488993807 -6.6066866393 168.OSS.K.Q.w w -26.35 344.84910225 0.099 -6.60712439 0.11 7040.99 395.47 43.73 42.03 1.08 154.38 0.63 4.52 7546.25 0 0.40 21.51
o6538g0279o 355.6892731133 1.8758256936 168.OSS.K.Q.w w -16.61 355.68929188 0.18 1.87579484 0.19 1335.33 188.80 68.58 7.95 1.38 175.50 10.10 4.35 1359.12 0 0.46 20.52
o6538g0283o 344.887600679 -6.6842929376 168.OSS.K.Q.w w -26.35 344.88765652 0.114 -6.68443521 0.12 3856.85 296.42 43.73 15.49 0.92 152.95 2.52 4.68 3904.65 75 0.31 20.61
o6538g0440o 34.9714771758 -3.8804560396 MD01 i -33.90 34.97145305 0.145 -3.88032472 0.15 2432.61 250.25 11.71 13.89 0.94 150.81 2.44 3.13 2364.23 0 0.42 21.14
o6540g0162o 334.8283989123 -0.8650867819 MD09 i -153.74 334.82845969 0.093 -0.86498104 0.11 5975.93 383.62 20.64 17.78 0.80 23.72 1.79 4.65 6469.74 0 0.34 22
o6544g0175o 334.8320977949 0.1981124608 MD09 z -70.61 334.83201461 0.086 0.19816372 0.08 6591.16 393.32 16.34 14.87 0.58 112.86 1.36 3.26 6794.30 0 1.32 21.64
