1105183=1390676=1391538=1391998=1644772 54030.568539 51.2332535915912 -3.69748080880885 22.1612751050859 566 S190f59
1105183=1390676=1391538=1391998=1644772 54030.58586 51.2305203656266 -3.69920001873368 22.4672270903024 566 S190f59
1105183=1390676=1391538=1391998=1644772 54035.417761 50.4614727422285 -4.16344298986152 22.6522684481848 566 S190f59
1105183=1390676=1391538=1391998=1644772 54035.436993 50.4581906402969 -4.16522141545437 22.5345638718584 566 S190f59
1105183=1390676=1391538=1391998=1644772 54035.438101 50.4580247028345 -4.16532226508741 22.3108806518847 566 S190f59
1105183=1390676=1391538=1391998=1644772 54035.418904 50.4612992375098 -4.16354359534174 22.4675435825417 566 S190f59
1105183=1390676=1391538=1391998=1644772 54035.43864 50.4579089072709 -4.16537913420305 22.4058161486941 566 S190f59
1105183=1390676=1391538=1391998=1644772 54035.419443 50.4611964642688 -4.16357144121719 22.4301429118636 566 S190f59
1105183=1390676=1391538=1391998=1644772 54038.496482 49.9411875846191 -4.44008710927486 22.4950867931687 566 S190f59
1105183=1390676=1391538=1391998=1644772 54038.474373 49.9451004943626 -4.43817268371009 22.3401283558488 566 S190f59
1105183=1391538=1391998=1644772 54030.568539 51.2332535915912 -3.69748080880885 22.1612751050859 566 S190f59
1105183=1391538=1391998=1644772 54030.58586 51.2305203656266 -3.69920001873368 22.4672270903024 566 S190f59
1105183=1391538=1391998=1644772 54035.438101 50.4580247028345 -4.16532226508741 22.3108806518847 566 S190f59
1105183=1391538=1391998=1644772 54035.418904 50.4612992375098 -4.16354359534174 22.4675435825417 566 S190f59
1105183=1391538=1391998=1644772 54035.43864 50.4579089072709 -4.16537913420305 22.4058161486941 566 S190f59
1105183=1391538=1391998=1644772 54035.419443 50.4611964642688 -4.16357144121719 22.4301429118636 566 S190f59
1105183=1391538=1391998=1644772 54038.496482 49.9411875846191 -4.44008710927486 22.4950867931687 566 S190f59
1105183=1391538=1391998=1644772 54038.474373 49.9451004943626 -4.43817268371009 22.3401283558488 566 S190f59

